Starting preprocessing of the model file ...
Found 8 equation(s).
Evaluating expressions...done
Computing static model derivatives (order 1).
Computing dynamic model derivatives (order 2).
Processing outputs ...
done
Preprocessing completed.

STEADY-STATE RESULTS:

Y 		 0
I 		 0
C 		 0
R 		 0
K 		 0
W 		 0
L 		 0
A 		 0

EIGENVALUES:
         Modulus             Real        Imaginary

            0.95             0.95                0
          0.9614           0.9614                0
           1.056            1.056                0
        4.73e+16         4.73e+16                0


There are 2 eigenvalue(s) larger than 1 in modulus 
for 2 forward-looking variable(s)

The rank condition is verified.

MODEL_DIAGNOSTICS:  No obvious problems with this mod-file were detected.
                                          Informations about model (dynamic model)
There is no block decomposition of the model.
Use 'block' model's option.

MODEL SUMMARY

  Number of variables:         8
  Number of stochastic shocks: 1
  Number of state variables:   2
  Number of jumpers:           2
  Number of static variables:  4


MATRIX OF COVARIANCE OF EXOGENOUS SHOCKS
Variables           e
e            0.000100

POLICY AND TRANSITION FUNCTIONS
                                   Y               I               C               R               K               W               L               A
K(-1)                       0.193209       -0.543989        0.398126       -0.806791        0.961400        0.434426       -0.241217               0
A(-1)                       1.042228        3.555020        0.343752        1.042228        0.088876        0.900339        0.141890        0.950000
e                           1.097082        3.742127        0.361844        1.097082        0.093553        0.947725        0.149358        1.000000


THEORETICAL MOMENTS
VARIABLE         MEAN  STD. DEV.   VARIANCE
Y              0.0000     0.0422     0.0018
I              0.0000     0.1042     0.0109
C              0.0000     0.0292     0.0009
R              0.0000     0.0328     0.0011
K              0.0000     0.0512     0.0026
W              0.0000     0.0478     0.0023
L              0.0000     0.0100     0.0001
A              0.0000     0.0320     0.0010



MATRIX OF CORRELATIONS
Variables         Y       I       C       R       K       W       L       A
Y            1.0000  0.9260  0.9273  0.0856  0.7972  0.9831 -0.4803  0.9837
I            0.9260  1.0000  0.7173  0.4553  0.5104  0.8413 -0.1137  0.9788
C            0.9273  0.7173  1.0000 -0.2937  0.9653  0.9801 -0.7738  0.8448
R            0.0856  0.4553 -0.2937  1.0000 -0.5332 -0.0982  0.8328  0.2633
K            0.7972  0.5104  0.9653 -0.5332  1.0000  0.8943 -0.9124  0.6757
W            0.9831  0.8413  0.9801 -0.0982  0.8943  1.0000 -0.6328  0.9342
L           -0.4803 -0.1137 -0.7738  0.8328 -0.9124 -0.6328  1.0000 -0.3148
A            0.9837  0.9788  0.8448  0.2633  0.6757  0.9342 -0.3148  1.0000



COEFFICIENTS OF AUTOCORRELATION
Order          1       2       3       4       5
Y         0.9656  0.9322  0.9000  0.8688  0.8387
I         0.9333  0.8705  0.8115  0.7560  0.7039
C         0.9921  0.9830  0.9727  0.9615  0.9494
R         0.9388  0.8811  0.8266  0.7753  0.7270
K         0.9990  0.9961  0.9916  0.9856  0.9781
W         0.9801  0.9600  0.9398  0.9196  0.8993
L         0.9859  0.9712  0.9559  0.9400  0.9237
A         0.9500  0.9025  0.8574  0.8145  0.7738
Total computing time : 0h00m02s
