Starting preprocessing of the model file ...
Found 29 equation(s).
Evaluating expressions...done
Computing static model derivatives (order 1).
Computing dynamic model derivatives (order 2).
Processing outputs ...
done
Preprocessing completed.




Residuals of the static equations:

Equation number 1 : 0 : 方程1：预算约束的拉格朗日乘数
Equation number 2 : 0 : 方程2：资本可利用程度
Equation number 3 : 0 : 方程3：债券欧拉方程
Equation number 4 : 0 : 方程4：tobin q
Equation number 5 : 0 : 方程5：资本欧拉的方程
Equation number 6 : 0 : 方程6：h1
Equation number 7 : 0 : 方程7：h2
Equation number 8 : 0 : 方程8：最优工资定价
Equation number 9 : 0 : 方程9：最优要素需求比
Equation number 10 : 0 : 方程10：边际成本
Equation number 11 : 0 : 方程11：x1
Equation number 12 : 0 : 方程12：x2
Equation number 13 : 0 : 方程13：最优通胀
Equation number 14 : 0 : 方程14：总资源约束
Equation number 15 : 0 : 方程15：资本演化方程
Equation number 16 : 0 : 方程16：生产函数
Equation number 17 : 0 : 方程17：有效资本服务
Equation number 18 : 0 : 方程18：价格扩散方程
Equation number 19 : 0 : 方程19：通胀演化方程
Equation number 20 : 0 : 方程20：工资演化方程
Equation number 21 : 0 : 方程21：货币政策-泰勒规则
Equation number 22 : 0 : 方程22：财政支出政策
Equation number 23 : 0 : 方程23：生产率冲击
Equation number 24 : 0 : 方程24：投资效率冲击
Equation number 25 : 0 : 方程25：跨期偏好冲击
Equation number 26 : 0 : 方程26：期内偏好冲击
Equation number 27 : 0 : 方程27：增值税冲击
Equation number 28 : 0 : 方程28：劳动所得税冲击
Equation number 29 : 0 : 方程29：资本所得税冲击



EIGENVALUES:
         Modulus             Real        Imaginary

        2.07e-16         2.07e-16                0
          0.2044           0.2044                0
          0.6238           0.6238                0
          0.6915           0.6915                0
             0.7              0.7                0
            0.72             0.72                0
            0.72             0.72                0
          0.7208            0.715          0.09116
          0.7208            0.715         -0.09116
          0.7223           0.7223                0
          0.7517           0.7517                0
          0.8486           0.8486                0
          0.8722          -0.8722                0
             0.9              0.9                0
            0.92             0.92                0
            0.94             0.94                0
          0.9623           0.9623                0
           1.053            1.052          0.04006
           1.053            1.052         -0.04006
           1.088            1.079           0.1413
           1.088            1.079          -0.1413
           1.321            1.321                0
           1.386            1.385          0.06986
           1.386            1.385         -0.06986
           1.598            1.598                0
       1.899e+18       -1.899e+18                0
       2.047e+18       -2.047e+18                0
       1.024e+19       -1.024e+19                0
       1.635e+19       -1.635e+19                0
       3.398e+19       -3.398e+19                0
       9.196e+29        9.196e+29                0
             Inf              Inf                0


There are 15 eigenvalue(s) larger than 1 in modulus 
for 15 forward-looking variable(s)

The rank condition is verified.


STEADY-STATE RESULTS:

lamb    		 1.51302
mu      		 1.73997
C       		 0.581427
i       		 0.0251256
pi      		 0.02
R       		 0.0394616
u       		 1
Z       		 1
I       		 0.122749
v       		 1
pssi    		 6
w       		 1.03824
w_star  		 1.09233
h1      		 1.48241
h2      		 2.03567
N_d     		 0.37889
K_hat   		 4.90995
K       		 4.90995
mc      		 0.665393
pi_star 		 0.0534455
x1      		 2.84633
x2      		 4.13394
Y       		 0.880219
G       		 0.176044
A       		 1
v_p     		 1.00246
tauc    		 0.15
taun    		 0.05
tauk    		 0.125
MODEL_DIAGNOSTICS:  No obvious problems with this mod-file were detected.

OPTIMAL SIMPLE RULE


OSR: Initial value of the objective function: 0.000411708 

  n=2: (3,6)-CMA-ES(w=[64 28 8]%, mu_eff=2.0) on function osr_obj
Iterat, #Fevals:   Function Value    (median,worst) |Axis Ratio|idx:Min SD idx:Max SD
    1 ,      7 : 2.6194778214157e-04 +(3e-04,1e+08) | 1.28e+00 |  2:2.2e+01  1:2.5e+01
    2 ,     13 : 2.1764378108269e-04 +(3e-04,1e+08) | 1.56e+00 |  2:2.9e+01  1:3.0e+01
   10 ,     61 : 4.1711380878054e-05 +(5e+07,1e+08) | 2.07e+00 |  1:1.4e+01  2:1.9e+01
   20 ,    121 : 4.2446304555035e-05 +(6e-06,1e-05) | 2.64e+00 |  1:1.7e+00  2:3.9e+00
   30 ,    181 : 2.9551616251138e-05 +(2e-05,1e+08) | 3.57e+00 |  1:2.2e-01  2:6.9e-01
   40 ,    241 : 2.8780819078303e-05 +(1e-07,1e-06) | 3.41e+00 |  1:2.5e-02  2:8.6e-02
   50 ,    301 : 2.8771700206995e-05 +(1e-09,8e-09) | 7.68e+00 |  1:2.2e-03  2:1.7e-02
   56 ,    337 : 2.8771365399568e-05 +(1e-09,9e-09) | 2.19e+01 |  1:2.3e-03  2:5.1e-02
#Fevals:   f(returned x)   |    bestever.f     | stopflag (saved to variablescmaes.mat)
    338: 2.87711372777e-05 | 2.87711372777e-05 | tolfun
mean solution: +1.2e+00 +4.6e+01
std deviation:  2.3e-03  5.1e-02
use plotcmaesdat.m for plotting the output at any time (option LogModulo must not be zero)

OPTIMAL VALUE OF THE PARAMETERS:

            fipi           1.1804

             fiy          45.7461

Objective function :      2.87711e-05



MODEL SUMMARY

  Number of variables:         29
  Number of stochastic shocks: 9
  Number of state variables:   17
  Number of jumpers:           15
  Number of static variables:  3


MATRIX OF COVARIANCE OF EXOGENOUS SHOCKS
Variables         e_g       e_i       e_a       e_z       e_v    e_pssi    e_tauc    e_taun    e_tauk
e_g          0.000000  0.000000  0.000000  0.000000  0.000000  0.000000  0.000000  0.000000  0.000000
e_i          0.000000  0.000000  0.000000  0.000000  0.000000  0.000000  0.000000  0.000000  0.000000
e_a          0.000000  0.000000  0.000100  0.000000  0.000000  0.000000  0.000000  0.000000  0.000000
e_z          0.000000  0.000000  0.000000  0.000000  0.000000  0.000000  0.000000  0.000000  0.000000
e_v          0.000000  0.000000  0.000000  0.000000  0.000000  0.000000  0.000000  0.000000  0.000000
e_pssi       0.000000  0.000000  0.000000  0.000000  0.000000  0.000000  0.000000  0.000000  0.000000
e_tauc       0.000000  0.000000  0.000000  0.000000  0.000000  0.000000  0.000000  0.000000  0.000000
e_taun       0.000000  0.000000  0.000000  0.000000  0.000000  0.000000  0.000000  0.000000  0.000000
e_tauk       0.000000  0.000000  0.000000  0.000000  0.000000  0.000000  0.000000  0.000000  0.000000

POLICY AND TRANSITION FUNCTIONS
                                lamb              mu               C               i              pi               R               u               Z               I               v            pssi               w          w_star              h1              h2             N_d           K_hat               K              mc         pi_star              x1              x2               Y               G               A             v_p            tauc            taun            tauk
Constant                    1.513020        1.739973        0.581427        0.025126        0.020000        0.039462        1.000000        1.000000        0.122749        1.000000        6.000000        1.038244        1.092328        1.482414        2.035672        0.378890        4.909949        4.909949        0.665393        0.053445        2.846327        4.133939        0.880219        0.176044        1.000000        1.002463        0.150000        0.050000        0.125000
i(-1)                       1.339388       -0.042219       -0.061872       -0.550857       -1.035170       -0.018965        0.303740               0       -0.038617               0               0       -0.150551       -4.501040        4.510075       14.581471       -0.127150        1.407951       -0.083395       -0.170173       -3.354041      -14.677818      -12.351191       -0.106451       -0.005961               0       -0.104162               0       -0.067283       -0.067283
pssi(-1)                   -0.000374        0.000092        0.000011        0.000308        0.000552        0.000041        0.000338               0        0.000005               0        0.700000        0.000952        0.006459       -0.013807       -0.030996        0.000042        0.001616       -0.000045        0.000634        0.001788        0.004616        0.001925        0.000017               0               0        0.000056               0        0.000144        0.000144
w(-1)                      -0.044283        0.000907        0.000321        0.026934        0.129779        0.025341        0.306031               0       -0.000657               0               0        0.647159       -0.115152        1.127220        1.762512        0.007138        1.456823       -0.045773        0.418890        0.420494        0.590721       -0.266179       -0.000356       -0.000020               0        0.013059               0        0.089902        0.089902
K_hat(-1)                  -0.005272        0.005870        0.000206        0.001618       -0.005893       -0.011762       -0.174039               0        0.000068               0               0        0.006547        0.008868       -0.011358       -0.032123       -0.038157       -0.828797        0.025725       -0.062639       -0.019092       -0.008947        0.038046        0.000289        0.000016               0       -0.000593               0       -0.013216       -0.013216
K(-1)                      -0.029162       -0.137014        0.005813       -0.013226       -0.023135        0.000341        0.040066               0       -0.006518               0               0        0.013874       -0.020290       -0.021105        0.008830       -0.001793        1.159298        0.962575        0.007853       -0.074959       -0.380581       -0.352354       -0.000747       -0.000042               0       -0.002328               0        0.001208        0.001208
Y(-1)                     -17.402418        0.548540        0.803894        7.157187       13.449767        0.246407       -3.946433               0        0.501747               0               0        1.956079       58.481170      -58.598558     -189.454314        1.652036      -18.293247        1.083537        2.211031       43.578424      190.706138      160.476712        1.383094        0.077453               0        1.353352               0        0.874192        0.874192
G(-1)                       5.742414        0.164119       -0.231897        4.473326        1.255997        0.042927        2.771179               0       -0.108767               0               0        0.226612        5.665931       -3.241617      -15.010508        0.329460       13.089046       -0.517299        0.336166        4.069542       24.277208       24.380336        0.401839        0.742503               0        0.126382               0        0.152293        0.152293
A(-1)                       0.156056       -0.027805       -0.003610       -0.134740       -0.328263       -0.043237       -0.481149               0       -0.001588               0               0        0.348825        0.419975       -0.128528       -0.959165       -0.542438       -2.293075        0.069344       -0.702967       -1.063600       -2.481126       -0.760151       -0.005507       -0.000308        0.920000       -0.033031               0       -0.153394       -0.153394
v_p(-1)                    -0.004474        0.006061       -0.000273        0.008074        0.046724        0.039468        0.500633               0        0.000004               0               0       -0.038254       -0.006689        0.245920        0.350167        0.392909        2.384284       -0.073800        0.203188        0.151390        0.209778       -0.100042       -0.000284       -0.000016               0        0.696826               0        0.140022        0.140022
tauc(-1)                   -0.723242       -0.054732       -0.009551       -0.235683       -0.145295       -0.003430       -0.312007               0       -0.008739               0               0       -0.033544       -0.689582        0.135481        1.471156       -0.020695       -1.494679        0.037258       -0.033491       -0.470769       -3.326229       -3.572407       -0.019374       -0.001085               0       -0.014620        0.720000       -0.012170       -0.012170
taun(-1)                   -0.003791        0.000950        0.000116        0.003183        0.005550        0.000387        0.003116               0        0.000054               0               0        0.009004        0.062316       -0.710966       -1.092441        0.000431        0.014893       -0.000405        0.006020        0.017983        0.047845        0.021415        0.000180        0.000010               0        0.000558               0        0.721373        0.001373
C(-1)                       5.602719        0.140562        0.478347        4.421172        1.225723        0.042240        2.715094               0       -0.103099               0               0        0.220891        5.528154       -3.202435      -14.699939        0.324960       12.827611       -0.503363        0.329891        3.971451       23.613021       23.677919        0.397509        0.022260               0        0.123336               0        0.149858        0.149858
pi(-1)                      0.052625       -0.002352       -0.003096       -0.026592        0.130286       -0.001179        0.006630               0       -0.002112               0               0       -0.010458       -0.304609        0.297724        0.976511       -0.007502        0.029462       -0.003090       -0.011050       -0.019322       -1.009899       -0.862899       -0.005517       -0.000309               0       -0.007015               0       -0.004182       -0.004182
Z(-1)                       0.444113       -0.377375       -0.051441       -0.018955       -0.006712        0.001054        0.319982        0.940000        0.049864               0               0        0.031728        0.123158        0.404056        0.325337       -0.001455        1.689171        0.118075        0.019491       -0.021748        0.824749        1.255987       -0.001671       -0.000094               0       -0.000675               0        0.003741        0.003741
I(-1)                       6.729414       -0.260543       -0.311223        4.701137        1.391279        0.048020        3.374582               0        0.708347               0               0        0.306414        6.534237       -3.294327      -16.701070        0.349246       16.779885        0.210860        0.398776        4.507865       27.954241       28.548985        0.420683        0.023558               0        0.139994               0        0.170364        0.170364
v(-1)                       0.946347        0.453554        0.065436        0.275173        0.230211        0.004578        0.277586               0       -0.045380        0.900000               0        0.047244        1.065095       -0.254823       -2.334846        0.026717        1.276629       -0.086303        0.045761        0.745903        5.149904        5.485540        0.021245        0.001190               0        0.023164               0        0.016242        0.016242
tauk(-1)                   -0.032656       -0.064560        0.002276       -0.000182        0.008959       -0.000760       -0.494527               0       -0.002485               0               0       -0.021009       -0.064980        0.029146        0.161121        0.000367       -2.357682        0.070419       -0.013252        0.029029       -0.049948       -0.150149       -0.000221       -0.000012               0        0.000902               0       -0.002698        0.717302
e_g                         1.404051        0.040128       -0.056700        1.093752        0.307098        0.010496        0.677568               0       -0.026594               0               0        0.055408        1.385350       -0.792593       -3.670149        0.080555        3.200342       -0.126482        0.082194        0.995025        5.935907        5.961122        0.098252        0.181546               0        0.030901               0        0.037236        0.037236
e_i                         1.674235       -0.052773       -0.077340       -0.688572       -1.293962       -0.023706        0.379675               0       -0.048272               0               0       -0.188189       -5.626300        5.637594       18.226838       -0.158937        1.759939       -0.104244       -0.212717       -4.192551      -18.347272      -15.438989       -0.133063       -0.007452               0       -0.130202               0       -0.084103       -0.084103
e_a                         0.169627       -0.030222       -0.003924       -0.146456       -0.356807       -0.046997       -0.522988               0       -0.001726               0               0        0.379158        0.456494       -0.139705       -1.042571       -0.589607       -2.492473        0.075373       -0.764095       -1.156087       -2.696876       -0.826251       -0.005986       -0.000335        1.000000       -0.035903               0       -0.166733       -0.166733
e_z                         0.472460       -0.401462       -0.054725       -0.020165       -0.007141        0.001122        0.340407        1.000000        0.053047               0               0        0.033753        0.131019        0.429847        0.346104       -0.001548        1.796991        0.125612        0.020735       -0.023136        0.877392        1.336156       -0.001778       -0.000100               0       -0.000719               0        0.003980        0.003980
e_v                         1.051497        0.503949        0.072706        0.305748        0.255790        0.005087        0.308429               0       -0.050423        1.000000               0        0.052493        1.183439       -0.283137       -2.594273        0.029685        1.418477       -0.095892        0.050846        0.828781        5.722116        6.095044        0.023605        0.001322               0        0.025738               0        0.018047        0.018047
e_pssi                     -0.003209        0.000788        0.000096        0.002641        0.004730        0.000348        0.002900               0        0.000042               0        6.000000        0.008157        0.055360       -0.118342       -0.265678        0.000363        0.013856       -0.000385        0.005438        0.015325        0.039569        0.016499        0.000147        0.000008               0        0.000476               0        0.001234        0.001234
e_tauc                     -1.004503       -0.076016       -0.013265       -0.327338       -0.201799       -0.004764       -0.433343               0       -0.012137               0               0       -0.046589       -0.957753        0.188169        2.043272       -0.028743       -2.075944        0.051747       -0.046515       -0.653846       -4.619762       -4.961676       -0.026909       -0.001507               0       -0.020306        1.000000       -0.016903       -0.016903
e_taun                     -0.005266        0.001319        0.000161        0.004421        0.007708        0.000538        0.004327               0        0.000075               0               0        0.012506        0.086550       -0.987453       -1.517279        0.000598        0.020684       -0.000563        0.008362        0.024976        0.066451        0.029743        0.000250        0.000014               0        0.000776               0        1.001907        0.001907
e_tauk                     -0.045356       -0.089667        0.003162       -0.000253        0.012444       -0.001056       -0.686843               0       -0.003451               0               0       -0.029180       -0.090250        0.040481        0.223780        0.000509       -3.274559        0.097804       -0.018406        0.040318       -0.069372       -0.208540       -0.000307       -0.000017               0        0.001252               0       -0.003747        0.996253


THEORETICAL MOMENTS
VARIABLE         MEAN  STD. DEV.   VARIANCE
lamb           1.5130     0.0023     0.0000
mu             1.7400     0.0014     0.0000
C              0.5814     0.0005     0.0000
i              0.0251     0.0062     0.0000
pi             0.0200     0.0075     0.0001
R              0.0395     0.0006     0.0000
u              1.0000     0.0072     0.0001
Z              1.0000     0.0000     0.0000
I              0.1227     0.0004     0.0000
v              1.0000     0.0000     0.0000
pssi           6.0000     0.0000     0.0000
w              1.0382     0.0285     0.0008
w_star         1.0923     0.0421     0.0018
h1             1.4824     0.0058     0.0000
h2             2.0357     0.0812     0.0066
N_d            0.3789     0.0137     0.0002
K_hat          4.9099     0.0354     0.0012
K              4.9099     0.0096     0.0001
mc             0.6654     0.0101     0.0001
pi_star        0.0534     0.0216     0.0005
x1             2.8463     0.0868     0.0075
x2             4.1339     0.0794     0.0063
Y              0.8802     0.0010     0.0000
G              0.1760     0.0002     0.0000
A              1.0000     0.0255     0.0007
v_p            1.0025     0.0016     0.0000
tauc           0.1500     0.0000     0.0000
taun           0.0500     0.0054     0.0000
tauk           0.1250     0.0054     0.0000



VARIANCE DECOMPOSITION (in percent)
              e_g     e_i     e_a     e_z     e_v  e_pssi  e_tauc  e_taun  e_tauk
lamb         0.00    0.00  100.00    0.00    0.00    0.00    0.00    0.00    0.00
mu           0.00    0.00  100.00    0.00    0.00    0.00    0.00    0.00    0.00
C            0.00    0.00  100.00    0.00    0.00    0.00    0.00    0.00    0.00
i            0.00    0.00  100.00    0.00    0.00    0.00    0.00    0.00    0.00
pi           0.00    0.00  100.00    0.00    0.00    0.00    0.00    0.00    0.00
R            0.00    0.00  100.00    0.00    0.00    0.00    0.00    0.00    0.00
u            0.00    0.00  100.00    0.00    0.00    0.00    0.00    0.00    0.00
Z            0.00    0.00    0.00  100.00    0.00    0.00    0.00    0.00    0.00
I            0.00    0.00  100.00    0.00    0.00    0.00    0.00    0.00    0.00
v            0.00    0.00    0.00    0.00  100.00    0.00    0.00    0.00    0.00
pssi         0.00    0.00    0.00    0.00    0.00  100.00    0.00    0.00    0.00
w            0.00    0.00  100.00    0.00    0.00    0.00    0.00    0.00    0.00
w_star       0.00    0.00  100.00    0.00    0.00    0.00    0.00    0.00    0.00
h1           0.00    0.00  100.00    0.00    0.00    0.00    0.00    0.00    0.00
h2           0.00    0.00  100.00    0.00    0.00    0.00    0.00    0.00    0.00
N_d          0.00    0.00  100.00    0.00    0.00    0.00    0.00    0.00    0.00
K_hat        0.00    0.00  100.00    0.00    0.00    0.00    0.00    0.00    0.00
K            0.00    0.00  100.00    0.00    0.00    0.00    0.00    0.00    0.00
mc           0.00    0.00  100.00    0.00    0.00    0.00    0.00    0.00    0.00
pi_star      0.00    0.00  100.00    0.00    0.00    0.00    0.00    0.00    0.00
x1           0.00    0.00  100.00    0.00    0.00    0.00    0.00    0.00    0.00
x2           0.00    0.00  100.00    0.00    0.00    0.00    0.00    0.00    0.00
Y            0.00    0.00  100.00    0.00    0.00    0.00    0.00    0.00    0.00
G            0.00    0.00  100.00    0.00    0.00    0.00    0.00    0.00    0.00
A            0.00    0.00  100.00    0.00    0.00    0.00    0.00    0.00    0.00
v_p          0.00    0.00  100.00    0.00    0.00    0.00    0.00    0.00    0.00
tauc         0.00    0.00    0.00    0.00    0.00    0.00  100.00    0.00    0.00
taun         0.00    0.00  100.00    0.00    0.00    0.00    0.00    0.00    0.00
tauk         0.00    0.00  100.00    0.00    0.00    0.00    0.00    0.00    0.00



MATRIX OF CORRELATIONS
Variables       lamb       mu        C        i       pi        R        u        I        w   w_star       h1       h2      N_d    K_hat        K       mc  pi_star       x1       x2        Y        G        A      v_p     taun     tauk
lamb          1.0000   0.3841  -0.6886  -0.7062  -0.7422  -0.3912  -0.4479  -0.4746  -0.4908  -0.5208   0.0537   0.5079   0.1687  -0.5896  -0.5307  -0.3844  -0.7888  -0.7778  -0.6757  -0.6462  -0.5747  -0.2058  -0.5076   0.0538   0.0538
mu            0.3841   1.0000  -0.8863  -0.6771  -0.4378   0.1910   0.1031  -0.4582  -0.7777  -0.8175   0.6789   0.8551   0.6819  -0.1563  -0.9571   0.3413  -0.4222  -0.6639  -0.7701  -0.7933  -0.8449  -0.7251  -0.5788   0.2516   0.2516
C            -0.6886  -0.8863   1.0000   0.8959   0.7278  -0.0515   0.0196   0.6454   0.8404   0.8840  -0.5258  -0.9044  -0.6172   0.2780   0.9552  -0.0980   0.7240   0.9002   0.9336   0.9409   0.9355   0.6542   0.7119  -0.2200  -0.2200
i            -0.7062  -0.6771   0.8959   1.0000   0.9269   0.1737   0.1871   0.7857   0.7350   0.7962  -0.5004  -0.8172  -0.4136   0.3983   0.7831   0.1804   0.9188   0.9904   0.9450   0.9443   0.9517   0.4587   0.8730   0.0035   0.0035
pi           -0.7422  -0.4378   0.7278   0.9269   1.0000   0.4678   0.3961   0.6015   0.4411   0.5191  -0.4484  -0.5447  -0.0477   0.5561   0.5972   0.5322   0.9967   0.9109   0.7637   0.7563   0.7902   0.0977   0.9117   0.3156   0.3156
R            -0.3912   0.1910  -0.0515   0.1737   0.4678   1.0000   0.9317  -0.1141  -0.3528  -0.2982   0.0021   0.2881   0.6606   0.8884  -0.1461   0.9070   0.4945   0.1858  -0.0542  -0.0737  -0.0180  -0.5891   0.3598   0.6488   0.6488
u            -0.4479   0.1031   0.0196   0.1871   0.3961   0.9317   1.0000   0.0460  -0.1431  -0.1168   0.1846   0.1307   0.4213   0.9632  -0.1206   0.7221   0.4371   0.2341   0.0562   0.0312   0.0181  -0.3418   0.2211   0.3372   0.3372
I            -0.4746  -0.4582   0.6454   0.7857   0.6015  -0.1141   0.0460   1.0000   0.8492   0.8529  -0.0944  -0.8325  -0.6711   0.1723   0.4675  -0.1798   0.6036   0.8119   0.8738   0.8627   0.7691   0.6965   0.4768  -0.4388  -0.4388
w            -0.4908  -0.7777   0.8404   0.7350   0.4411  -0.3528  -0.1431   0.8492   1.0000   0.9938  -0.2209  -0.9807  -0.9120   0.0612   0.7529  -0.4763   0.4444   0.7694   0.9149   0.9160   0.8259   0.9327   0.3823  -0.6484  -0.6484
w_star       -0.5208  -0.8175   0.8840   0.7962   0.5191  -0.2982  -0.1168   0.8529   0.9938   1.0000  -0.3133  -0.9957  -0.8744   0.1015   0.8050  -0.4111   0.5186   0.8213   0.9479   0.9509   0.8834   0.9006   0.4808  -0.5605  -0.5605
h1            0.0537   0.6789  -0.5258  -0.5004  -0.4484   0.0021   0.1846  -0.0944  -0.2209  -0.3133   1.0000   0.3997   0.1064  -0.0055  -0.6997  -0.0322  -0.3990  -0.4080  -0.3929  -0.4285  -0.6375  -0.1398  -0.7661  -0.4334  -0.4334
h2            0.5079   0.8551  -0.9044  -0.8172  -0.5447   0.2881   0.1307  -0.8325  -0.9807  -0.9957   0.3997   1.0000   0.8544  -0.0985  -0.8451   0.3936  -0.5394  -0.8325  -0.9531  -0.9595  -0.9147  -0.8829  -0.5386   0.4988   0.4988
N_d           0.1687   0.6819  -0.6172  -0.4136  -0.0477   0.6606   0.4213  -0.6711  -0.9120  -0.8744   0.1064   0.8544   1.0000   0.2589  -0.5938   0.7939  -0.0451  -0.4465  -0.6784  -0.6868  -0.5849  -0.9949  -0.0487   0.8363   0.8363
K_hat        -0.5896  -0.1563   0.2780   0.3983   0.5561   0.8884   0.9632   0.1723   0.0612   0.1015  -0.0055  -0.0985   0.2589   1.0000   0.1505   0.6674   0.5927   0.4403   0.2785   0.2587   0.2593  -0.1707   0.4079   0.2972   0.2972
K            -0.5307  -0.9571   0.9552   0.7831   0.5972  -0.1461  -0.1206   0.4675   0.7529   0.8050  -0.6997  -0.8451  -0.5938   0.1505   1.0000  -0.1913   0.5818   0.7658   0.8223   0.8412   0.8915   0.6272   0.6937  -0.1430  -0.1430
mc           -0.3844   0.3413  -0.0980   0.1804   0.5322   0.9070   0.7221  -0.1798  -0.4763  -0.4111  -0.0322   0.3936   0.7939   0.6674  -0.1913   1.0000   0.5477   0.1698  -0.1117  -0.1313  -0.0620  -0.7526   0.4173   0.7981   0.7981
pi_star      -0.7888  -0.4222   0.7240   0.9188   0.9967   0.4945   0.4371   0.6036   0.4444   0.5186  -0.3990  -0.5394  -0.0451   0.5927   0.5818   0.5477   1.0000   0.9136   0.7631   0.7520   0.7738   0.0963   0.8846   0.2912   0.2912
x1           -0.7778  -0.6639   0.9002   0.9904   0.9109   0.1858   0.2341   0.8119   0.7694   0.8213  -0.4080  -0.8325  -0.4465   0.4403   0.7658   0.1698   0.9136   1.0000   0.9597   0.9531   0.9337   0.4924   0.8149  -0.0761  -0.0761
x2           -0.6757  -0.7701   0.9336   0.9450   0.7637  -0.0542   0.0562   0.8738   0.9149   0.9479  -0.3929  -0.9531  -0.6784   0.2785   0.8223  -0.1117   0.7631   0.9597   1.0000   0.9986   0.9576   0.7157   0.6972  -0.3108  -0.3108
Y            -0.6462  -0.7933   0.9409   0.9443   0.7563  -0.0737   0.0312   0.8627   0.9160   0.9509  -0.4285  -0.9595  -0.6868   0.2587   0.8412  -0.1313   0.7520   0.9531   0.9986   1.0000   0.9675   0.7241   0.7084  -0.3023  -0.3023
G            -0.5747  -0.8449   0.9355   0.9517   0.7902  -0.0180   0.0181   0.7691   0.8259   0.8834  -0.6375  -0.9147  -0.5849   0.2593   0.8915  -0.0620   0.7738   0.9337   0.9576   0.9675   1.0000   0.6292   0.8329  -0.1081  -0.1081
A            -0.2058  -0.7251   0.6542   0.4587   0.0977  -0.5891  -0.3418   0.6965   0.9327   0.9006  -0.1398  -0.8829  -0.9949  -0.1707   0.6272  -0.7526   0.0963   0.4924   0.7157   0.7241   0.6292   1.0000   0.1014  -0.8097  -0.8097
v_p          -0.5076  -0.5788   0.7119   0.8730   0.9117   0.3598   0.2211   0.4768   0.3823   0.4808  -0.7661  -0.5386  -0.0487   0.4079   0.6937   0.4173   0.8846   0.8149   0.6972   0.7084   0.8329   0.1014   1.0000   0.4539   0.4539
taun          0.0538   0.2516  -0.2200   0.0035   0.3156   0.6488   0.3372  -0.4388  -0.6484  -0.5605  -0.4334   0.4988   0.8363   0.2972  -0.1430   0.7981   0.2912  -0.0761  -0.3108  -0.3023  -0.1081  -0.8097   0.4539   1.0000   1.0000
tauk          0.0538   0.2516  -0.2200   0.0035   0.3156   0.6488   0.3372  -0.4388  -0.6484  -0.5605  -0.4334   0.4988   0.8363   0.2972  -0.1430   0.7981   0.2912  -0.0761  -0.3108  -0.3023  -0.1081  -0.8097   0.4539   1.0000   1.0000



COEFFICIENTS OF AUTOCORRELATION
Order           1       2       3       4       5
lamb       0.4400  0.2405  0.2205  0.1937  0.2123
mu         0.9348  0.9271  0.8944  0.8980  0.8772
C          0.9861  0.9617  0.9344  0.9066  0.8798
i          0.9517  0.8810  0.8112  0.7469  0.6892
pi         0.8486  0.6988  0.5649  0.4700  0.3877
R          0.0026  0.6503 -0.0748  0.4292 -0.1114
u         -0.4722  0.6534 -0.4365  0.4392 -0.3680
I          0.9862  0.9527  0.9057  0.8489  0.7862
w          0.9855  0.9533  0.9101  0.8613  0.8095
w_star     0.9894  0.9651  0.9316  0.8922  0.8494
h1         0.9032  0.8449  0.7508  0.6978  0.6219
h2         0.9894  0.9706  0.9442  0.9136  0.8787
N_d        0.8901  0.8418  0.7443  0.6971  0.6156
K_hat     -0.4166  0.6648 -0.3855  0.4544 -0.3249
K          0.9935  0.9922  0.9817  0.9756  0.9627
mc         0.5805  0.5321  0.2805  0.2869  0.1261
pi_star    0.8039  0.6595  0.5285  0.4432  0.3631
x1         0.9172  0.8467  0.7794  0.7221  0.6669
x2         0.9791  0.9461  0.9075  0.8642  0.8196
Y          0.9872  0.9599  0.9247  0.8843  0.8414
G          0.9947  0.9797  0.9566  0.9271  0.8929
A          0.9200  0.8464  0.7787  0.7164  0.6591
v_p        0.9604  0.8850  0.7937  0.7020  0.6145
taun       0.9346  0.8283  0.6858  0.5528  0.4181
tauk       0.9346  0.8283  0.6858  0.5528  0.4181
Total computing time : 0h02m31s
